937488
496447
269528
873333
947785
326416
432806
277880
482531
746471
510547
11138
114539
15636
126267
732467
360744
802500
940512
508215
505341
915128
855648
256666
774359
63248
513529
211728
677899
760500
910739
537238
824949
107706
754724
724126
151431
294903
278330
459180
685564
643671
620340
94603
454688
499265
642447
297337
986276
87752
224862
438138
148818
177417
343289
29426
910428
940658
206780
410993
315428
703948
580805
724252
415526
127889
992216
341621
284198
703036
442612
128619
280608
784005
1191
24287
89180
510724
155067
244712
791511
380174
51648
88587
554550
118240
149279
710563
306624
333118
887343
465418
894512
670108
541552
203892
911408
262012
126588
877058
647326
147914
661882
528033
907865
630175
6742
516637
548135
975366
173528
742167
339003
186368
353347
432232
818303
707923
495183
993134
716961
685107
497058
662546
37324
154807
136847
338640
696582
601364
840940
219525
760416
909373
342900
6548
342439
128869
415704
391386
842365
790610
10689
260645
642317
667877
978200
313728
912396
770969
14970
361067
230597
555446
830792
227392
92888
48883
597946
741071
59570
410229
629864
4360
329975
102553
532833
830943
382763
181054
486955
687469
842506
683608
926420
961873
782744
199408
908329
693957
150563
366792
465858
534203
362139
799807
144835
861319
488292
134078
778413
647021
579279
941229
687332
871575
744355
889859
766463
53048
982663
10194
586230
386438
562566
257930
122491
154853
424334
398012
108112
23077
568923
327582
158321
507255
83015
794330
863668
471058
954230
161610
535114
504976
637789
750642
852645
153307
689190
779323
155960
853980
52213
660771
142848
59876
323970
167077
756511
835082
759541
489783
340575
943829
650923
34690
194898
105805
967501
907700
824021
431869
186969
438404
527346
107302
105431
377438
280497
441845
601878
986768
897378
609674
716700
974488
588209
208874
710448
209251
130072
482363
100408
597267
696060
405886
637104
433805
273808
385917
537232
958855
513366
708600
553072
510179
988359
966329
9211
588594
520287
853139
151110
435980
240282
107128
70537
862898
871598
576151
426598
403353
869460
679117
995007
907094
635278
726896
330663
884849
830844
457238
590812
710407
337118
847434
93860
716843
386732
100499
613354
68614
774530
451563
110024
699464
703507
338134
676123
496405
540406
533028
609766
542586
202040
655385
810666
986523
976162
471587
668205
748458
531529
753678
897072
212159
96317
318471
333154
779012
409129
137324
990300
802806
441556
226459
49464
643210
299542
524842
32915
